save_interval = 1
restart_interval = 500
propagate_field = 1
propagate_vlasov = 1

[mpibuilder]
block_buffer_size = 10
send_buffer_size = 100

[gridbuilder]
x_length = 200
y_length = 200
z_length = 1
x_min = -1000000
x_max = +1000000
y_min = -1000000
y_max = +1000000
z_min = -25000
z_max = +25000
vx_min = -1000000
vx_max = +1000000
vy_min = -1000000
vy_max = +1000000
vz_min = -1000000
vz_max = +1000000
vx_length = 10
vy_length = 10
vz_length = 10
q = 1.60217653e-19
m = 1.67262171e-27
t_min = 0.0
timestep = 0
max_timesteps = 10
dt = 0.010
periodic_x = no
periodic_y = yes
periodic_z = yes

[restartbuilder]
filename = tmp/grid.0000000.vlsv

[Diffusion]
B0 = 0.0
rho = 1.0e7
Temperature = 2.0e6
Scale_x = 100000.0
Scale_y = 100000.0
nSpaceSamples = 2
nVelocitySamples = 2