save_interval = 10
restart_interval = 1000
propagate_field = 1
propagate_vlasov = 1

[mpibuilder]
block_buffer_size = 10
send_buffer_size = 100

[gridbuilder]
x_length = 400
y_length = 1
z_length = 50
x_min = -2000000
x_max = +2000000
y_min = -5000
y_max = +5000
z_min = -125000
z_max = +125000
vx_min = -1000000
vx_max = +1000000
vy_min = -1000000
vy_max = +1000000
vz_min = -1000000
vz_max = +1000000
vx_length = 10
vy_length = 10
vz_length = 10
q = 1.60217653e-19
m = 1.67262171e-27
t_min = 0.0
timestep = 0
max_timesteps = 100
dt = 0.0004
periodic_x = no
periodic_y = yes
periodic_z = yes

[restartbuilder]
filename = tmp/grid.0000000.vlsv
