save_interval = 50
diagnostic_interval = 1
restart_interval = 5000
propagate_field = 1
propagate_vlasov = 1

[mpibuilder]
block_buffer_size = 10
send_buffer_size = 100

[gridbuilder]
x_length = 5000
y_length = 1
z_length = 1
x_min = -5.0e8
x_max = 5.0e8
y_min = -10000.0
y_max = +10000.0
z_min = -10000.0
z_max = +10000.0
vx_min = -250000.0
vx_max = +250000.0
vy_min = -250000.0
vy_max = +250000.0
vz_min = -250000.0
vz_max = +250000.0
vx_length = 15
vy_length = 15
vz_length = 15
q = 1.60217653e-19
m = 1.67262171e-27
t_min = 0.0
timestep = 0
max_timesteps = 25000
dt = 0.2
periodic_x = no
periodic_y = yes
periodic_z = yes

[variables]
output = Rho
output = B
output = Pressure
output = RhoV
diagnostic = Blocks

[sparse]
minValue = 1.0e-15
minAvgValue = 5.0e-16

[Riemann]
Vx1 = 100000.0
Vy1 = 10000.0
Bx1 = 1.0e-09
By1 = 1.0e-10
T1 = 100000.0
rho1 = 1000000.0
rho2 = 2783924.1
Vx2 = 35920.519
Vy2 = 10968.904
Bx2 = 1.0e-09
By2 = 3.054e-10
T2 = 310209.57

Vz1 = 0.0
Vz2 = 0.0
Bz1 = 0.0
Bz2 = 0.0

nSpaceSamples = 2
nVelocitySamples = 2