system_write_t_interval =            0.2
diagnostic_write_interval = 1
restart_write_t_interval =             20
propagate_field = 1
propagate_vlasov = 1

[mpibuilder]
block_buffer_size = 10
send_buffer_size = 100

[gridbuilder]
x_length = 5000
y_length = 1
z_length = 1
x_min = -2.0e7
x_max = 2.0e7
y_min = -10000.0
y_max = +10000.0
z_min = -10000.0
z_max = +10000.0
vx_min = -500000.0
vx_max = +500000.0
vy_min = -500000.0
vy_max = +500000.0
vz_min = -500000.0
vz_max = +500000.0
vx_length = 15
vy_length = 15
vz_length = 15
q = 1.60217653e-19
m = 1.67262171e-27
t_min = 0.0
timestep = 0
max_timesteps = 20000
dt = 0.004
periodic_x = no
periodic_y = yes
periodic_z = yes

[variables]
output = Rho
output = B
output = Pressure
output = RhoV
diagnostic = Blocks

[sparse]
minValue = 1.0e-15
minAvgValue = 5.0e-16

[Riemann]
Vx1 = 400000.0
Vy1 = 40000.0
Bx1 = 10.0e-09
By1 = 10.0e-10
T1 = 100000.0
rho1  = 1000000.0

rho2 = 2299425.2
Vx2 = 173956.52
Vy2 = 87602.947
Bx2 = 1.000e-08
By2 = 5.036e-09
T2 = 3091637.7

Vz1 = 0.0
Vz2 = 0.0
Bz1 = 0.0
Bz2 = 0.0

nSpaceSamples = 2
nVelocitySamples = 2
