save_interval = 1
restart_interval = 1000
propagate_field = 1
propagate_vlasov = 1

[mpibuilder]
block_buffer_size = 10
send_buffer_size = 100

[gridbuilder]
x_length = 200
y_length = 1
z_length = 40
x_min = -1500000
x_max = +1500000
y_min = -7500
y_max = +7500
z_min = -300000
z_max = +300000
vx_min = -1000000
vx_max = +1000000
vy_min = -1000000
vy_max = +1000000
vz_min = -1000000
vz_max = +1000000
vx_length = 10
vy_length = 10
vz_length = 10
q = 1.60217653e-19
m = 1.67262171e-27
t_min = 0.0
timestep = 0
max_timesteps = 1000
dt = 0.002
periodic_x = no
periodic_y = yes
periodic_z = yes

[restartbuilder]
filename = tmp/grid.0000000.vlsv

[Harris]
Scale_size = 150000.0
B0 = 8.33061003094e-8
Temperature = 2.0e6
rho = 1.0e7
